Classifier: LogisticRegression
accuracy: 0.9607245044802857
precision: 0.10615938861918059
recall: 0.8941455370026798
f1: 0.16394787817995643
auc: 0.9274923735169036

Classifier: KNearest
accuracy: 0.38080013402352436
precision: 0.0008187857021167194
recall: 0.38723974438260156
f1: 0.0016339856224129533
auc: 0.3840125704309293

Classifier: DecisionTreeClassifier
accuracy: 0.8235314321274314
precision: 0.09679551087254737
recall: 0.5724799010513296
f1: 0.15481138372202272
auc: 0.698221379574431


