
    Classifier: KNearest 

    accuracy: 0.3808247121820695 

    precision: 0.0008188151751285673 

    recall: 0.38723974438260156 

    f1: 0.001634044276588279 

    auc: 0.3840248807205729


    