
    Classifier: LogisticRegression 

    accuracy: 0.9567218825733409 

    precision: 0.16011346693357273 

    recall: 0.8838589981447124 

    f1: 0.22079637723945766 

    auc: 0.9203530785528621


    