
            Accuracy: 0.9667145088668866 

            Precision: 0.13021233960539175 

            Recall: 0.8859616573902288 

            F1: 0.20453134878270368
          